0
(5.111102964713052, 2.73480211241939)
(7.140761713529535, 4.828268014677473)
(8.258278006761364, 8.963111649592953)
(9.456059079688561, 0.60290691230664)
(8.98712933215771, 0.6846282474179644)
(8.611917814271013, 5.255456471367195)
(5.292884085524758, 2.608725915059167)
(5.2259621327462025, 0.41352645532357846)
(1.5338368020070003, 4.756793884833163)
(0.6634990810079944, 7.017199888328771)
(1.037122785969029, 5.124862320936239)
(8.723491441360885, 1.5611496937297598)
(6.095260592560681, 2.40070416926196)
(0.552083028367536, 9.575495906578361)
(6.690619377146547, 5.749567264385853)
(4.6996475015914, 5.563266217571911)
(4.2960075883074555, 1.314048832803325)
(4.661971966932404, 3.3983327894353677)
(3.5490810843917364, 0.4700769522880277)
(4.136409909189711, 8.107802101241477)
(8.993636057832664, 9.242279303974492)
(4.403483494504037, 0.6209969494671985)
(4.335580784834652, 8.35221762092612)
(6.409646484137235, 5.700820646986726)
(3.56139612699361, 1.0944874000540428)
(2.9639935809718665, 5.408180242179799)
(4.958529077668629, 1.086421291342552)
(3.267984511047677, 9.370061249594189)
(3.436522497131136, 8.737862169592196)
(2.227865472355708, 5.345443748577859)
(7.900242614226521, 4.530172463355062)
(8.63261078468341, 1.4250293345113896)
(7.916920260800559, 3.331317972678043)
(4.9744036120861, 7.311488864511384)
(2.613443374794555, 9.768175262455665)
(3.714861449430744, 8.553031854618308)
(8.710277497644439, 2.3530343263216413)
(6.25315289802815, 0.48289597983578236)
(0.06011864346788798, 0.5346737453632056)
(1.446557504295145, 7.808898693595669)
(9.49897619833967, 7.131679288241619)
(1.0727598560094465, 4.168339559888059)
(7.433405033615481, 5.540718393600148)
(4.401449840975, 5.692983568841983)
(7.81680390621519, 0.9226656113409515)
(1.9496190252553447, 3.261205012532886)
(0.9039225786589111, 0.9907056413445625)
(8.298213852679755, 8.917239363843443)
(8.147979141704077, 5.068597325718764)
(6.720701350909661, 0.4799766595839361)
**************************************************************
1
(8.777545543929167, 2.4773590535219303)
(5.563889141958873, 0.18242981278473236)
(5.213802706910942, 4.308347252764186)
(0.04733853347791861, 6.353673194469998)
(0.6383956757789755, 4.5266704213846065)
(2.233752493377781, 7.889888544239543)
(5.0530557437327435, 4.880876135900976)
(4.110498799644513, 0.04984228023170223)
(6.793475361440562, 8.099067673370177)
(0.34720665302380604, 0.19294366450218092)
(8.485565336052321, 8.365495372713333)
(5.560071297427598, 1.9750213341050804)
(2.5055577938622298, 5.89485428525262)
(6.946038960187366, 4.582379578490656)
(8.982778704480731, 0.14569111025821924)
(7.907185889361812, 0.4957136847030852)
(2.128448955214086, 7.780992064171228)
(7.501360388136571, 5.942969278849352)
(8.441883603428394, 8.329008969473568)
(6.1667379802119875, 2.7738784745190714)
(9.666160713021563, 0.27491834577607177)
(2.106101279386301, 6.347518409475286)
(9.825951792903172, 9.32175584674178)
(5.2357230505741885, 8.337063871855467)
(8.532608052028209, 0.7715541551845151)
(2.576383849773791, 1.187565419670904)
(8.891058793094563, 9.083937625808138)
(0.17296116886434287, 9.55999321237796)
(3.750086914486832, 0.019333904940417312)
(1.9217465149894886, 0.07058592921855178)
(6.545810385702502, 0.6832861168252169)
(1.7723817178332912, 9.924162868455682)
(8.872372368198029, 8.591112733226662)
(9.782720176981686, 6.215802959948609)
(7.293722198080825, 7.162041144333086)
(2.7077527676282442, 0.48729033173597003)
(4.446579524373511, 3.802494290230549)
(9.886485655006714, 8.880541452906174)
(6.601093107250701, 0.28713012589347997)
(6.58415520538356, 3.5388960384593426)
(8.744817223715113, 8.399236449759535)
(8.982108832350571, 0.4855875147612787)
(2.4318840721419988, 6.541918002480367)
(0.26631347474453504, 9.043505494619517)
(9.823441188409323, 7.884786952334563)
(2.568361359790321, 5.044148553273131)
(7.062256579075415, 4.752111377687598)
(4.176555124049955, 0.4781158800707419)
(5.459606121242329, 3.305055426061474)
(7.686924157664841, 7.442538420841314)
**************************************************************
2
(9.408312113296587, 2.880845182425509)
(2.9325712025416495, 8.69733485994857)
(1.698795789381069, 1.5957114756021107)
(7.575227739457064, 3.128469743198674)
(8.698551911955583, 7.948945419017015)
(6.228143857586903, 6.924464036394722)
(5.6207833074009494, 2.82377061716941)
(0.4118754145796566, 7.590264405150283)
(5.230915983233464, 9.754383463116634)
(0.0716832352356378, 0.8037043604669813)
(6.997833892873276, 9.12926401440078)
(7.312464372128096, 3.945637218921938)
(0.0366844299405078, 1.0891268655874664)
(6.6683718555941995, 2.8889760200950954)
(7.836753735379931, 2.420380983651229)
(1.4711025110919773, 3.410406368250658)
(4.2907918935395895, 9.525015433797861)
(8.488503925408029, 7.534229737392155)
(4.706878632072016, 9.249416990717464)
(8.646544024301706, 3.3460531430450158)
(2.708804663740041, 6.782218301714115)
(6.060927794660063, 5.415474851239321)
(0.780264137354354, 6.768957057192411)
(5.72642969996227, 2.232490727456584)
(1.1123235697546563, 7.721769020999012)
(3.4163758497471486, 6.596127478831506)
(6.630138428989851, 7.483887352286265)
(7.412021581766954, 3.312472620216873)
(6.779116302087733, 0.016498533240176805)
(8.571696775295049, 5.639788428195127)
(1.1123399861359995, 9.787707550731897)
(9.809426376044454, 4.3041053955132575)
(2.5115057191750956, 4.787424557886291)
(5.075235767708131, 0.7180726073147992)
(3.021308212813807, 7.013471027265745)
(6.636406549697787, 0.15833577679128297)
(0.6928279137635496, 9.906210673883045)
(9.989585088473236, 3.0818263657727196)
(4.3843862655529575, 5.201274464355372)
(4.11825236446719, 4.992190678070616)
(4.878044782252918, 0.5401926748350272)
(7.125093526508508, 1.1487589077023541)
(1.2517919799479515, 0.30207399551609004)
(4.339095736732135, 1.4008839518944427)
(4.368506689714522, 2.844956133006813)
(5.171998937150553, 7.2348528010923925)
(4.973630951446786, 7.220832311542988)
(6.322377510696562, 0.2792376428173071)
(8.813225907810615, 1.4652664230359558)
(8.81397973866779, 1.7787550139986164)
**************************************************************
3
(4.082706555402402, 2.2380817834088473)
(1.6711715062056598, 4.255618269714782)
(1.8715107286551858, 0.9377150492326081)
(5.46365483278543, 9.082165541579833)
(7.12641491574373, 9.72523813449584)
(8.177059698810664, 3.7233884649032545)
(6.7607171083267055, 5.252452524240456)
(9.66852783915128, 5.371334738709416)
(4.47913686822659, 6.8922488765499335)
(7.340344735007712, 9.410369112538506)
(4.141829098691499, 0.3547366352697967)
(2.6798907048162124, 8.56195266114656)
(1.305383506877591, 7.265337330911963)
(4.486607145249795, 2.4667689675057103)
(8.338997794161964, 6.680790533648954)
(0.47708499308976915, 5.641351233086278)
(9.063322029874666, 8.198866668729224)
(1.3006618925840163, 1.4089472839988204)
(8.658555874394537, 6.171933301510211)
(9.288253992035054, 4.544616493228897)
(1.6097886852131893, 9.996343442123967)
(4.57825842719407, 5.383010963402411)
(1.8201982714230458, 4.908364230706416)
(8.926118116865588, 4.027790041510451)
(0.21954451503504613, 0.28727088932182454)
(4.254424639886589, 9.583179165775295)
(8.997639663947513, 6.187733489971663)
(1.2036240168124102, 7.356264294791465)
(9.542880443413953, 4.860155944581999)
(5.25981076962611, 1.2396093365297345)
(7.004165260648687, 8.519729012556992)
(5.69225403089078, 5.317371414866803)
(0.8452274871330534, 0.6940804184139715)
(3.8668189407988107, 5.781524960067186)
(8.612388487527125, 4.492814738191422)
(6.9907428616595135, 1.7028213752452492)
(7.173247231929714, 2.564775897113629)
(8.19948612438166, 1.2581695646250424)
(7.202611074386882, 9.673907956671979)
(5.549699374562289, 3.357735755465654)
(4.6729473711841525, 6.893150087964357)
(5.55065463942404, 9.178475704224828)
(8.927344545388383, 5.1877563716461665)
(1.1791431922894025, 9.65332988985976)
(4.590594822141274, 2.656154040757346)
(4.750870361183612, 8.504090735413426)
(9.70015601848402, 3.129843412162021)
(3.9305318057292915, 0.24645845718051396)
(9.052896646633606, 9.477707312386395)
(4.3151831968635035, 2.3504920184819977)
**************************************************************
4
(8.158128223129754, 1.0492919432819914)
(5.792244994153308, 1.364080246728101)
(1.8689433975819103, 3.993486689038035)
(6.617462103098624, 5.4467574394426705)
(2.000310307980233, 7.1860056327342186)
(2.926186385642664, 7.329618731823764)
(2.751629723504534, 6.368083207373358)
(5.757385375165689, 8.604221515909876)
(9.720458495701063, 3.508341597564919)
(8.906584778907815, 9.66721369449569)
(5.770372801565424, 7.527139100612176)
(9.744779016433466, 7.780908292893671)
(3.024827480642507, 5.736371893642085)
(5.88261708915544, 8.217850562556151)
(4.674880680479852, 1.2128343674129871)
(3.4684580526520903, 9.595331982958008)
(9.632267246715093, 6.487233486631398)
(8.43967793408364, 2.4594009731956445)
(3.7004874891155737, 4.359169830854435)
(1.2801000136411211, 8.07007895458839)
(5.602049117071348, 6.039623079464969)
(9.382396050536956, 5.875926122961344)
(4.716179829683771, 1.8836545448903697)
(7.363879004532469, 3.798129948399993)
(3.985584512136928, 9.608337634651708)
(9.610104408928159, 3.9847691829621357)
(3.705719705150634, 0.6271240564372693)
(2.0167267953383483, 7.536604418926474)
(4.770176570367466, 1.2364647805970552)
(0.6687774052293216, 6.629864159202361)
(7.500211976316975, 7.756536890483694)
(3.1540250681568383, 9.692108818041225)
(9.150468367091957, 8.252652571045607)
(6.624665434664174, 2.326118351162081)
(2.108489718556632, 7.354407202051963)
(6.753820839385738, 8.59853431318708)
(3.0766514063810813, 1.6436175979124612)
(1.6857032377507086, 4.151282003858954)
(5.558684514038794, 5.256162804698041)
(9.333467930716417, 0.0010869313603811825)
(2.82693501953458, 5.266948872785571)
(7.887306040833453, 7.745365297080653)
(0.3361840386884629, 2.6193334929686007)
(0.6142607426806035, 2.1481800825268604)
(3.8953618490394715, 6.07366554362442)
(5.0026230830934555, 5.446446121779882)
(1.5500834501518868, 4.370002597983653)
(3.713960984228668, 5.487876137696768)
(1.858906853547797, 5.993194971649256)
(9.10064492228225, 7.023040642039375)
**************************************************************
